-1800 100 300 R 50 50 1 1 I
-1800 200 300 R 50 50 1 1 I
-1800 300 300 R 50 50 1 1 I
-1800 400 300 R 50 50 1 1 I
-1800 500 300 R 50 50 1 1 I
-1800 600 300 R 50 50 1 1 I
-1800 700 300 R 50 50 1 1 I
-1800 800 300 R 50 50 1 1 I
-1800 900 300 R 50 50 1 1 I
-1800 1000 300 R 50 50 1 1 I
-1000 1500 300 D 50 50 1 1 I
-900 1500 300 D 50 50 1 1 I
-800 1500 300 D 50 50 1 1 I
-700 1500 300 D 50 50 1 1 I
-600 1500 300 D 50 50 1 1 I
-500 1500 300 D 50 50 1 1 I
-400 1500 300 D 50 50 1 1 I
-300 1500 300 D 50 50 1 1 I
-200 1500 300 D 50 50 1 1 I
-100 1500 300 D 50 50 1 1 I
0 1500 300 D 50 50 1 1 I
100 1500 300 D 50 50 1 1 I
200 1500 300 D 50 50 1 1 I
300 1500 300 D 50 50 1 1 I
400 1500 300 D 50 50 1 1 I
500 1500 300 D 50 50 1 1 I
600 1500 300 D 50 50 1 1 I
700 1500 300 D 50 50 1 1 I
800 1500 300 D 50 50 1 1 I
900 1500 300 D 50 50 1 1 I
1000 1500 300 D 50 50 1 1 I
1800 1000 300 L 50 50 1 1 I
1800 900 300 L 50 50 1 1 I
1800 800 300 L 50 50 1 1 I
1800 700 300 L 50 50 1 1 I
1800 600 300 L 50 50 1 1 I
1800 500 300 L 50 50 1 1 I
1800 400 300 L 50 50 1 1 I
1800 300 300 L 50 50 1 1 I
1800 200 300 L 50 50 1 1 I
1800 100 300 L 50 50 1 1 I
1800 0 300 L 50 50 1 1 I
1800 -100 300 L 50 50 1 1 I
1800 -200 300 L 50 50 1 1 I
1800 -300 300 L 50 50 1 1 I
1800 -400 300 L 50 50 1 1 I
1800 -500 300 L 50 50 1 1 I
1800 -600 300 L 50 50 1 1 I
1800 -700 300 L 50 50 1 1 I
1800 -800 300 L 50 50 1 1 I
1800 -900 300 L 50 50 1 1 I
1800 -1000 300 L 50 50 1 1 I
1000 -1500 300 U 50 50 1 1 I
900 -1500 300 U 50 50 1 1 I
800 -1500 300 U 50 50 1 1 I
700 -1500 300 U 50 50 1 1 I
600 -1500 300 U 50 50 1 1 I
500 -1500 300 U 50 50 1 1 I
400 -1500 300 U 50 50 1 1 I
300 -1500 300 U 50 50 1 1 I
200 -1500 300 U 50 50 1 1 I
100 -1500 300 U 50 50 1 1 I
0 -1500 300 U 50 50 1 1 I
-100 -1500 300 U 50 50 1 1 I
-200 -1500 300 U 50 50 1 1 I
-300 -1500 300 U 50 50 1 1 I
-400 -1500 300 U 50 50 1 1 I
-500 -1500 300 U 50 50 1 1 I
-600 -1500 300 U 50 50 1 1 I
-700 -1500 300 U 50 50 1 1 I
-800 -1500 300 U 50 50 1 1 I
-900 -1500 300 U 50 50 1 1 I
-1000 -1500 300 U 50 50 1 1 I
-1800 -1000 300 R 50 50 1 1 I
-1800 -900 300 R 50 50 1 1 I
-1800 -800 300 R 50 50 1 1 I
-1800 -700 300 R 50 50 1 1 I
-1800 -600 300 R 50 50 1 1 I
-1800 -500 300 R 50 50 1 1 I
-1800 -400 300 R 50 50 1 1 I
-1800 -300 300 R 50 50 1 1 I
-1800 -200 300 R 50 50 1 1 I
-1800 -100 300 R 50 50 1 1 I
-1800 0 300 R 50 50 1 1 I
